100
669643845053 707005431845
343674296833 973990788420
131714829977 166393888483
99830995111 383661683210
96123563427 915304132452
540314136141 992526980989
126826491605 696624249626
820257105131 858730233091
104466503578 770929644446
111295272743 874499533099
181544953264 671560320864
239377345968 628889448669
42850302815 709393407597
627519400181 629564381234
413504703352 703993742261
179720417065 745505855887
222945956743 960748341464
379018989113 920869633040
109670432396 643213996811
368747807682 440207349842
96801733435 976052648542
205694996602 666602531386
281967969487 840531187285
100056772856 118090178197
562834126913 588563998217
825399322030 960532051449
126732584042 974800968215
146320473151 520859102839
312449571117 766763121238
314306657131 499307490345
426017163083 865771217305
9940625523 457052907426
5710673705 892189322713
140572307738 703747876938
347868119856 498530242361
617923750447 737070768835
178112102269 374080547476
340100770385 737584300373
383823794927 815282381228
558222019966 618560789654
719817019241 966952063644
71018244683 497835629370
151367832524 838105939651
343244736374 580163588037
276953346432 652537203775
250764541972 744429704368
368827009912 962462107128
72497332964 433927851674
66594216306 760556526133
26790318039 994583341166
314061147049 885278500881
460107634116 703641738944
380457233678 402666247360
283668927839 413066968028
130395990345 897701866343
190108867893 731989507228
584166488818 842991310384
131301467978 314928687864
87189007764 110126237834
210405900235 665217209028
598438440147 877737753446
182293824807 685690086122
166550774064 596874087282
387091864304 697477873949
414086286089 985954036020
766691162518 827871090444
2594395143 386740998457
227669887543 900903960079
3640980390 218441742979
375596485426 387613446047
177747043149 699484646695
211992415650 843128931186
195369231330 480736379263
752573602423 995301305090
175547567962 576872359894
495868595578 855975986990
145654992434 629619949257
423190358099 513566763750
229062918992 896409789061
650721389056 751181954602
52714842719 285850963675
388229710088 488152421701
42600712973 966463328963
109292017413 372510653400
103969434863 325897096343
209717321352 739480792281
300646619852 755058265379
906570864617 928083716669
653498947378 710932565982
46515987041 210622437953
789840878053 812063040512
352606558161 437420306951
772928732630 926711338807
83542233023 87143516453
461933581048 583119373827
170984397851 888442026141
94952852767 228638460756
5376343909 681612946911
266194192395 937787770083
18121111174 449347485434
