100
683378283
8243591838
463664379261859891722
6413751771739683
4
532937836
184741034541121
6237933283
489465017973293623701
607736
3076259
1845557740663403854
634095618495948028929
96423
33813030331947112
942413549402980882782
3468693873132209324908
59676553
337416067416768714974
3039
23160106894333
6726321446580
8119418
864132892807
6236038389686743833986335
204560
45250076096
906
82471921692813561806
961069393467
41849094188827408002
67735149404808685314
6013148991183876817560964
74735987
44205111101809178
48559513776688062526
6862405897575890895212067
423670507352965724492
39332271
9494489997
5449677
850057146665467
402965162
529
45766477852288772257
578323809006072740553980
8358071445507231345944
3652
8531649
8
6188
7
9155519512806171291244
1
998663364122277240056494
97
342377
475468730989878097
6
43
2456603
8455259530037674
50943222794494234484
4548
5052771860668697185
19875
9354928
6021562315700303
8300039712922153197
256576526328777
595382313004471
9084787884796434319937586
27984165953
1433788011128
8985
5001808102393623
59052598193
4166078062396147917452
844192262460
86
76
9189958687519611
58263
6301961701368646075
294
165916245499
56200570734192734
99908906611735
1320136871775917478
179521
9367114395978
89335742226601583
26826833819039530
581089107180377052081
3
1048283841577246158489517
60223545728267
6445719643477411
880129804
89335094
